84 372
88 429
95 484
106 540
125 593
158 639
200 680
245 712
298 721
349 711
388 677
424 635
451 590
468 539
479 487
489 435
495 383
128 361
160 341
200 339
239 347
278 360
348 362
384 350
419 344
455 346
481 367
311 400
312 437
312 473
313 510
267 531
288 537
310 543
329 538
348 531
177 395
200 383
229 384
252 404
226 407
197 407
358 406
381 386
410 386
432 399
412 411
383 411
233 593
262 590
287 587
306 593
324 587
344 591
367 594
344 611
324 621
305 623
285 621
261 612
246 597
286 600
305 603
323 600
356 597
324 598
306 602
286 599
495 400
264 736
1 680
599 588
1 1
1 400
1 799
300 799
599 799
599 400
599 1
300 1
