151 268
156 312
162 353
169 395
183 435
206 471
233 503
266 532
301 542
339 536
376 511
409 478
436 439
452 398
461 353
470 309
476 263
175 253
201 242
230 242
259 247
288 258
343 253
370 243
398 237
428 239
452 253
314 287
313 321
310 354
309 387
281 397
294 404
308 410
324 406
339 401
212 283
231 273
253 275
271 291
250 292
229 291
357 292
375 277
397 275
416 286
399 294
377 294
249 438
271 433
291 431
309 437
326 434
347 439
371 446
346 465
323 471
305 471
286 468
267 456
260 440
290 446
308 450
326 449
360 448
324 448
306 449
288 445
495 400
264 736
1 680
599 588
1 1
1 400
1 799
300 799
599 799
599 400
599 1
300 1
