125 396
129 444
139 491
149 537
162 580
187 619
219 650
256 674
303 679
352 673
396 647
431 613
456 571
468 523
474 476
480 429
481 381
145 358
168 338
200 334
232 339
263 348
308 345
341 332
374 324
409 324
437 342
287 376
287 405
287 434
286 464
262 496
277 500
293 504
309 499
325 495
183 390
201 378
224 376
245 391
223 396
200 397
342 387
361 372
384 371
404 381
386 391
363 390
232 567
254 548
275 535
295 540
312 534
337 545
366 561
340 579
315 588
297 590
277 588
255 582
243 568
277 558
296 559
313 558
355 562
313 560
296 562
276 561
495 400
264 736
1 680
599 588
1 1
1 400
1 799
300 799
599 799
599 400
599 1
300 1
