128 324
128 371
135 415
145 458
164 496
191 529
224 558
260 583
302 590
343 582
379 554
410 521
435 486
451 445
460 402
465 356
466 310
143 282
171 269
205 273
234 286
261 303
314 301
347 283
381 271
417 269
448 283
290 327
289 360
289 393
288 426
261 441
276 448
291 453
307 447
322 440
177 321
199 308
225 312
246 333
221 336
196 334
340 332
362 311
388 308
409 319
392 333
366 335
228 487
254 479
277 475
294 480
313 474
338 478
366 480
339 504
315 515
296 517
277 516
254 508
239 490
277 489
295 491
313 488
355 483
313 489
294 492
277 490
495 400
264 736
1 680
599 588
1 1
1 400
1 799
300 799
599 799
599 400
599 1
300 1
